1702
656
1702
658
1702
655
1702
1387
1701
506
1701
365
1702
499
1703
846
1700
448
1490
20
320
18
1440
19
934
510
1700
558
1702
507
1701
644
1701
541
1701
553
1701
404
935
20
1431
20
321
21
1496
711
1701
268
1700
789
1701
656
1703
600
1698
585
1703
365
1701
591
1703
836
934
20
1431
21
320
20
1499
603
1701
365
1701
390
1701
395
1701
656
1703
630
1702
831
1701
645
700
21
320
22
1494
24
875
18
699
306
1701
873
1703
353
1701
365
1703
590
1703
447
1701
458
1701
514
1702
384
1702
441
1701
770
1702
741
1702
641
1702
472
1704
428
1701
691
1702
893
1702
385
1690
381
1702
364
701
20
1376
20
702
481
1702
517
1704
396
513
22
1452
18
963
778
1705
574
1701
541
1701
707
1705
611
1701
658
1701
514
1703
492
1702
547
1701
605
1051
21
320
21
1434
17
935
18
476
655
1700
683
1701
