1786
444
1785
739
1786
163
1787
576
1785
499
1784
437
1786
566
1089
21
1458
20
398
508
1786
757
1786
620
1782
743
1783
739
1782
793
595
21
1461
20
889
795
1785
742
1785
489
1785
340
1785
793
1786
740
1787
740
1786
741
1785
740
1785
740
1786
619
1785
519
1788
739
1790
741
1790
741
1784
740
1785
741
1784
742
1785
739
1785
508
1035
20
1457
19
448
508
1784
617
1785
572
1786
684
1785
571
1786
684
1785
574
1785
740
1784
741
1785
740
1182
17
1458
20
301
618
1785
659
1786
619
1785
738
1787
739
1784
709
1786
657
594
22
1456
18
887
882
1787
637
1786
661
1784
619
1785
659
1785
448
1785
260
1786
683
1786
575
1785
739
1786
795
1786
618
1786
374
1786
745
1785
626
1451
20
1460
315
1575
455
1785
444
1785
2754
0
