1703
655
1701
655
1703
656
1701
1385
1702
509
1701
362
1703
499
1703
844
1702
448
1492
20
318
18
1441
20
935
510
1701
557
1701
507
1702
644
1703
538
1701
554
1701
404
935
21
1433
21
318
20
1495
711
1701
265
1700
786
1704
655
1701
600
1697
585
1702
365
1701
593
1701
836
933
21
1431
18
319
23
1495
602
1704
363
1704
390
1701
394
1701
658
1703
632
1701
832
1704
647
699
19
319
20
1494
20
878
19
699
305
1701
877
1702
351
1700
367
1701
591
1701
447
1702
462
1700
516
1701
387
1702
442
1701
766
1702
739
1704
639
1701
474
1703
428
1702
692
1702
891
1704
382
1691
379
1704
365
701
20
1375
19
699
481
1701
516
1701
399
512
20
1448
21
964
780
1703
576
1703
537
1703
707
1703
611
1701
654
1701
515
1701
490
1704
547
1701
605
1049
20
321
19
1431
20
933
19
472
656
1703
680
1702
