629
656
1913
655
1914
655
1910
656
1913
656
1912
657
1914
1249
1910
845
497
596
1908
655
1914
655
1912
1056
1912
738
1908
1248
1913
743
582
832
1912
845
1912
1204
1912
658
1909
655
1913
656
1913
656
1909
1248
1912
655
1912
443
1913
444
1914
442
1910
1249
1912
507
1908
447
1909
655
1912
1107
1914
443
1909
444
1923
450
1913
1250
1912
657
1910
443
1909
446
1912
655
1915
846
1907
443
1912
443
1908
842
1891
446
1912
1107
1914
845
1907
845
1907
741
1881
445
1907
443
1912
656
1911
847
1907
658
1912
447
1849
736
1912
656
1893
659
1907
1107
1911
444
1909
444
1913
